N = 29290
p = 29297
int[][] constant = new int[][] {{66, 19, 69, 3, 9, 55, 36, 19, 41, 33, 75, 96, 53, 38, 10, 44, 84, 27, 91,\
                                 95, 4, 49, 7, 54, 13, 29, 46, 38, 97, 72, 92, 23, 25, 10, 97, 81, 82, 25, 6, 85, \
                                 5, 28, 16, 67, 76, 92, 11, 40, 86, 62, 27, 48, 20, 42, 96, 68, 32, 63, 31, 28, \
                                 13, 42, 23, 4, 48, 55, 41, 64, 45, 70, 88, 41, 89, 5, 55, 41, 66, 57, 79, 70, 65, \
                                 77, 27, 94, 61, 41, 50, 82, 58, 35, 94, 48, 82, 1, 26, 91, 47, 29, 1, 95} ,
                               {86, 85, 37, 78, 73, 38, 3, 90, 86, 99, 2, 24, 100, 3, 24, 13, 22, 72, 17, 58, 15, \
                                70, 47, 50, 84, 86, 71, 63, 72, 45, 70, 1, 90, 30, 59, 45, 27, 11, 86, 55, 73, 4, \
                                75, 99, 8, 79, 85, 34, 52, 94, 22, 11, 13, 14, 42, 39, 22, 57, 74, 50, 87, 8, 14, \
                                4, 77, 68, 57, 53, 43, 23, 8, 24, 24, 65, 72, 55, 8, 17, 51, 55, 59, 26, 64, 91, \
                                84, 22, 3, 45, 10, 73, 84, 81, 24, 83, 89, 39, 25, 67, 21, 96}}; 